size:15*4, width:45nm, length:45nm, sys/ran:0.600000
mean:0.500000V, σsys:0.012862V, σran:0.021437V, th:0.500000

0.483569
0.520354
0.511077
0.528547
0.538906
0.495939
0.458716
0.478091
0.499350
0.591827
0.511776
0.559737
0.537672
0.551089
0.511379
0.477263
0.478306
0.523312
0.512541
0.512510
0.538943
0.500378
0.510018
0.563237
0.520832
0.556605
0.563840
0.534931
0.539932
0.496369
0.489488
0.508698
0.520118
0.562344
0.478560
0.511794
0.504957
0.466352
0.521459
0.488008
0.551817
0.517053
0.538187
0.519581
0.521360
0.496197
0.515644
0.522076
0.545010
0.504559
0.456084
0.488044
0.532959
0.486865
0.538511
0.535014
0.557413
0.486479
0.516857
0.492911
