0.500550
-0.500550
0.494684
-0.494684
0.528452
-0.528452
0.491161
-0.491161
0.497812
-0.497812
0.529128
-0.529128
0.516462
-0.516462
0.529062
-0.529062
0.527589
-0.527589
0.510878
-0.510878
0.504493
-0.504493
0.545406
-0.545406
0.509193
-0.509193
0.556595
-0.556595
0.547910
-0.547910
0.534222
-0.534222
0.526353
-0.526353
0.539052
-0.539052
0.623523
-0.623523
0.533057
-0.533057
0.497216
-0.497216
0.583251
-0.583251
0.551101
-0.551101
0.522379
-0.522379
0.607206
-0.607206
0.556194
-0.556194
0.550967
-0.550967
0.522246
-0.522246
0.515175
-0.515175
0.494756
-0.494756
0.531133
-0.531133
0.511720
-0.511720
0.552482
-0.552482
0.525303
-0.525303
0.571460
-0.571460
0.567999
-0.567999
0.533813
-0.533813
0.520140
-0.520140
0.560055
-0.560055
0.496405
-0.496405
0.542655
-0.542655
0.507200
-0.507200
0.514571
-0.514571
0.508022
-0.508022
0.537677
-0.537677
0.502463
-0.502463
0.494402
-0.494402
0.537200
-0.537200
0.514415
-0.514415
0.536961
-0.536961
0.516141
-0.516141
0.531965
-0.531965
0.455757
-0.455757
0.530675
-0.530675
0.566048
-0.566048
0.548520
-0.548520
0.543009
-0.543009
0.513990
-0.513990
0.523937
-0.523937
0.527956
-0.527956
0.521160
-0.521160
0.497072
-0.497072
0.510393
-0.510393
0.517300
-0.517300
0.512831
-0.512831
0.546548
-0.546548
0.586308
-0.586308
0.484806
-0.484806
0.519228
-0.519228
0.484214
-0.484214
0.552965
-0.552965
0.557193
-0.557193
0.477321
-0.477321
0.571889
-0.571889
0.491747
-0.491747
0.521714
-0.521714
0.540356
-0.540356
0.516752
-0.516752
0.571275
-0.571275
0.582242
-0.582242
0.518136
-0.518136
0.465896
-0.465896
0.505710
-0.505710
0.496803
-0.496803
0.496624
-0.496624
0.488630
-0.488630
0.521317
-0.521317
0.572528
-0.572528
0.500072
-0.500072
0.508062
-0.508062
0.542143
-0.542143
0.543262
-0.543262
0.525980
-0.525980
0.545828
-0.545828
0.539824
-0.539824
0.507684
-0.507684
0.527961
-0.527961
0.504160
-0.504160
0.487305
-0.487305
0.522096
-0.522096
0.509258
-0.509258
0.500248
-0.500248
0.512528
-0.512528
0.528826
-0.528826
0.513994
-0.513994
0.507159
-0.507159
0.510284
-0.510284
0.505936
-0.505936
0.488579
-0.488579
0.527961
-0.527961
0.538465
-0.538465
0.486183
-0.486183
0.552567
-0.552567
0.495573
-0.495573
0.495934
-0.495934
0.479160
-0.479160
0.485105
-0.485105
0.475926
-0.475926
0.508826
-0.508826
0.537637
-0.537637
0.516986
-0.516986
0.527154
-0.527154
0.542786
-0.542786
0.441088
-0.441088
0.499665
-0.499665
0.512120
-0.512120
0.523872
-0.523872
0.470867
-0.470867
0.479997
-0.479997
0.521010
-0.521010
0.496651
-0.496651
0.511740
-0.511740
0.468885
-0.468885
0.452760
-0.452760
0.515009
-0.515009
0.526159
-0.526159
0.534152
-0.534152
0.455482
-0.455482
0.461354
-0.461354
0.457120
-0.457120
0.494062
-0.494062
0.478702
-0.478702
0.524127
-0.524127
0.452294
-0.452294
0.443008
-0.443008
0.490890
-0.490890
0.513681
-0.513681
0.461268
-0.461268
0.444730
-0.444730
0.476060
-0.476060
0.439320
-0.439320
0.482054
-0.482054
0.503050
-0.503050
0.485600
-0.485600
0.433536
-0.433536
0.468658
-0.468658
0.473122
-0.473122
0.531001
-0.531001
0.507486
-0.507486
0.481203
-0.481203
0.515785
-0.515785
0.453313
-0.453313
0.468672
-0.468672
0.520303
-0.520303
0.526774
-0.526774
0.507757
-0.507757
0.498624
-0.498624
0.468935
-0.468935
0.502898
-0.502898
0.464533
-0.464533
0.497543
-0.497543
0.484535
-0.484535
0.503291
-0.503291
0.464063
-0.464063
0.492540
-0.492540
0.497892
-0.497892
0.454274
-0.454274
0.482061
-0.482061
0.518183
-0.518183
0.482310
-0.482310
0.468379
-0.468379
0.489399
-0.489399
0.468737
-0.468737
0.486658
-0.486658
0.473427
-0.473427
0.479245
-0.479245
0.489116
-0.489116
0.515633
-0.515633
0.494035
-0.494035
0.524867
-0.524867
0.430046
-0.430046
0.470382
-0.470382
0.487525
-0.487525
0.460291
-0.460291
0.449343
-0.449343
0.500290
-0.500290
0.504087
-0.504087
0.497062
-0.497062
0.499428
-0.499428
0.468534
-0.468534
0.478722
-0.478722
0.486442
-0.486442
0.473990
-0.473990
0.501157
-0.501157
0.553984
-0.553984
0.482173
-0.482173
0.512061
-0.512061
0.466700
-0.466700
0.527587
-0.527587
0.468047
-0.468047
0.497239
-0.497239
0.480229
-0.480229
0.507345
-0.507345
0.493500
-0.493500
0.490586
-0.490586
0.564978
-0.564978
0.472713
-0.472713
0.487307
-0.487307
0.561491
-0.561491
0.462553
-0.462553
0.503871
-0.503871
0.466053
-0.466053
0.523420
-0.523420
0.504906
-0.504906
0.509730
-0.509730
0.484861
-0.484861
0.498133
-0.498133
0.530562
-0.530562
0.433725
-0.433725
0.451538
-0.451538
0.505387
-0.505387
0.474970
-0.474970
0.482071
-0.482071
0.449593
-0.449593
0.463811
-0.463811
0.476153
-0.476153
0.468175
-0.468175
0.457453
-0.457453
0.468079
-0.468079
0.457995
-0.457995
0.541117
-0.541117
0.484931
-0.484931
0.556462
-0.556462
0.499462
-0.499462
0.471760
-0.471760
0.488910
-0.488910
0.529614
-0.529614
0.538395
-0.538395
0.519325
-0.519325
0.526234
-0.526234
0.535379
-0.535379
0.485113
-0.485113
0.510495
-0.510495
0.479933
-0.479933
0.515031
-0.515031
0.550914
-0.550914
0.549607
-0.549607
0.586310
-0.586310
0.539705
-0.539705
0.481453
-0.481453
0.582121
-0.582121
0.566904
-0.566904
0.519585
-0.519585
0.542693
-0.542693
0.560055
-0.560055
0.548213
-0.548213
0.559394
-0.559394
0.536526
-0.536526
0.539308
-0.539308
0.543511
-0.543511
0.520593
-0.520593
0.577152
-0.577152
0.538759
-0.538759
0.550531
-0.550531
0.508107
-0.508107
0.500024
-0.500024
0.523613
-0.523613
0.522199
-0.522199
0.559141
-0.559141
0.542268
-0.542268
0.541062
-0.541062
0.489663
-0.489663
0.501558
-0.501558
0.532898
-0.532898
0.517978
-0.517978
0.558319
-0.558319
0.557285
-0.557285
0.507627
-0.507627
0.549364
-0.549364
0.559883
-0.559883
0.532543
-0.532543
0.561754
-0.561754
0.549099
-0.549099
0.527010
-0.527010
0.542941
-0.542941
0.525610
-0.525610
0.505069
-0.505069
0.528038
-0.528038
0.516268
-0.516268
0.504101
-0.504101
0.561564
-0.561564
0.521138
-0.521138
0.588825
-0.588825
0.514347
-0.514347
0.539323
-0.539323
0.563158
-0.563158
0.591727
-0.591727
0.527280
-0.527280
0.499640
-0.499640
0.541948
-0.541948
0.488483
-0.488483
0.514232
-0.514232
0.527628
-0.527628
0.560657
-0.560657
0.552930
-0.552930
0.513089
-0.513089
0.534089
-0.534089
0.502222
-0.502222
0.529417
-0.529417
0.563300
-0.563300
0.516652
-0.516652
0.505512
-0.505512
0.502254
-0.502254
0.534388
-0.534388
0.551393
-0.551393
0.572865
-0.572865
0.518120
-0.518120
0.521073
-0.521073
0.496353
-0.496353
0.556429
-0.556429
0.510062
-0.510062
0.497879
-0.497879
0.568570
-0.568570
0.533690
-0.533690
0.533239
-0.533239
0.488273
-0.488273
0.528823
-0.528823
0.528946
-0.528946
0.478645
-0.478645
0.500931
-0.500931
0.493185
-0.493185
0.517045
-0.517045
0.477900
-0.477900
0.532677
-0.532677
0.549100
-0.549100
0.497866
-0.497866
0.503683
-0.503683
0.518695
-0.518695
0.538931
-0.538931
0.520134
-0.520134
0.515528
-0.515528
0.490958
-0.490958
0.495271
-0.495271
0.513698
-0.513698
0.546841
-0.546841
0.516929
-0.516929
0.471921
-0.471921
0.513512
-0.513512
0.498311
-0.498311
0.492247
-0.492247
0.495217
-0.495217
0.481101
-0.481101
0.499899
-0.499899
0.484574
-0.484574
0.496003
-0.496003
0.508075
-0.508075
0.509013
-0.509013
0.496948
-0.496948
0.498278
-0.498278
0.501348
-0.501348
0.507926
-0.507926
0.528870
-0.528870
0.508972
-0.508972
0.486092
-0.486092
0.510167
-0.510167
0.486367
-0.486367
0.446383
-0.446383
0.433682
-0.433682
0.447158
-0.447158
0.488564
-0.488564
0.482665
-0.482665
0.478431
-0.478431
0.493372
-0.493372
0.473884
-0.473884
0.470311
-0.470311
0.504202
-0.504202
0.506897
-0.506897
0.547439
-0.547439
0.487778
-0.487778
0.482507
-0.482507
0.465860
-0.465860
0.475778
-0.475778
0.478823
-0.478823
0.433619
-0.433619
0.472399
-0.472399
0.499505
-0.499505
0.463329
-0.463329
0.494720
-0.494720
0.507845
-0.507845
0.510975
-0.510975
0.502433
-0.502433
0.423700
-0.423700
0.463966
-0.463966
0.503654
-0.503654
0.494034
-0.494034
0.486012
-0.486012
0.498411
-0.498411
0.513572
-0.513572
0.490220
-0.490220
0.466232
-0.466232
0.480163
-0.480163
0.474807
-0.474807
0.498871
-0.498871
0.483616
-0.483616
0.489448
-0.489448
0.481911
-0.481911
0.468091
-0.468091
0.478201
-0.478201
0.482223
-0.482223
0.439402
-0.439402
0.479624
-0.479624
0.499245
-0.499245
0.472674
-0.472674
0.516013
-0.516013
0.492318
-0.492318
0.468028
-0.468028
0.478330
-0.478330
0.475465
-0.475465
0.492314
-0.492314
0.502579
-0.502579
0.476265
-0.476265
0.494301
-0.494301
0.528572
-0.528572
0.508182
-0.508182
0.501495
-0.501495
0.460292
-0.460292
0.469137
-0.469137
0.493476
-0.493476
0.488714
-0.488714
0.448721
-0.448721
0.453205
-0.453205
0.518645
-0.518645
0.470843
-0.470843
0.546079
-0.546079
0.434801
-0.434801
0.507744
-0.507744
0.495361
-0.495361
0.477772
-0.477772
0.504718
-0.504718
0.474326
-0.474326
0.516246
-0.516246
0.492847
-0.492847
0.448457
-0.448457
0.429994
-0.429994
0.483808
-0.483808
0.517228
-0.517228
0.491760
-0.491760
0.490459
-0.490459
0.506585
-0.506585
0.456200
-0.456200
0.527242
-0.527242
0.473104
-0.473104
0.495445
-0.495445
0.485674
-0.485674
0.494565
-0.494565
0.439664
-0.439664
0.528818
-0.528818
0.505701
-0.505701
0.545490
-0.545490
0.530563
-0.530563
0.493121
-0.493121
0.468792
-0.468792
0.447216
-0.447216
0.490072
-0.490072
0.494624
-0.494624
0.515009
-0.515009
0.459567
-0.459567
0.503461
-0.503461
0.482106
-0.482106
0.460416
-0.460416
0.527619
-0.527619
0.515272
-0.515272
0.502828
-0.502828
0.558236
-0.558236
0.526394
-0.526394
0.505290
-0.505290
0.516545
-0.516545
0.514069
-0.514069
0.520095
-0.520095
0.530523
-0.530523
0.503613
-0.503613
0.501851
-0.501851
0.534966
-0.534966
0.575283
-0.575283
0.522389
-0.522389
0.502458
-0.502458
0.522523
-0.522523
0.514750
-0.514750
0.525353
-0.525353
0.549780
-0.549780
0.533678
-0.533678
0.521850
-0.521850
0.525046
-0.525046
0.503658
-0.503658
0.516555
-0.516555
0.503193
-0.503193
0.526602
-0.526602
0.516657
-0.516657
0.521891
-0.521891
0.529285
-0.529285
0.505724
-0.505724
0.535233
-0.535233
0.543489
-0.543489
0.507543
-0.507543
0.558384
-0.558384
0.488204
-0.488204
0.518328
-0.518328
0.491511
-0.491511
0.523154
-0.523154
0.497665
-0.497665
0.512471
-0.512471
0.504179
-0.504179
0.496692
-0.496692
0.471134
-0.471134
0.540090
-0.540090
0.576440
-0.576440
0.585049
-0.585049
0.512872
-0.512872
0.523201
-0.523201
0.512134
-0.512134
0.525145
-0.525145
0.497908
-0.497908
0.470734
-0.470734
0.517296
-0.517296
0.487892
-0.487892
0.467070
-0.467070
0.574730
-0.574730
0.510958
-0.510958
0.524631
-0.524631
0.543916
-0.543916
0.472511
-0.472511
0.526413
-0.526413
0.532727
-0.532727
0.522927
-0.522927
0.528086
-0.528086
0.510297
-0.510297
0.540306
-0.540306
0.497365
-0.497365
0.497704
-0.497704
0.538277
-0.538277
0.563378
-0.563378
0.509573
-0.509573
0.508377
-0.508377
0.529630
-0.529630
0.545748
-0.545748
0.538313
-0.538313
0.520187
-0.520187
0.494792
-0.494792
0.528619
-0.528619
0.512772
-0.512772
0.548462
-0.548462
0.476340
-0.476340
0.521209
-0.521209
0.551698
-0.551698
0.504106
-0.504106
0.501879
-0.501879
0.491893
-0.491893
0.508898
-0.508898
0.511306
-0.511306
0.514966
-0.514966
0.490154
-0.490154
0.516138
-0.516138
0.497308
-0.497308
0.506394
-0.506394
0.493508
-0.493508
0.505248
-0.505248
0.601808
-0.601808
0.597592
-0.597592
0.538163
-0.538163
0.526971
-0.526971
0.472497
-0.472497
0.488106
-0.488106
0.487929
-0.487929
0.515010
-0.515010
0.513974
-0.513974
0.504924
-0.504924
0.495872
-0.495872
0.481683
-0.481683
0.504413
-0.504413
0.534333
-0.534333
0.514241
-0.514241
0.505997
-0.505997
0.519001
-0.519001
0.516065
-0.516065
0.461104
-0.461104
0.504719
-0.504719
0.492585
-0.492585
0.451185
-0.451185
0.468834
-0.468834
0.495253
-0.495253
0.524976
-0.524976
0.501282
-0.501282
0.513855
-0.513855
0.482815
-0.482815
0.452893
-0.452893
0.507700
-0.507700
0.479433
-0.479433
0.534130
-0.534130
0.546615
-0.546615
0.492540
-0.492540
0.530731
-0.530731
0.521819
-0.521819
0.457120
-0.457120
0.493582
-0.493582
0.498225
-0.498225
0.505798
-0.505798
0.511228
-0.511228
0.511103
-0.511103
0.512322
-0.512322
0.491186
-0.491186
0.510069
-0.510069
0.440205
-0.440205
0.465679
-0.465679
0.523939
-0.523939
0.470701
-0.470701
0.495513
-0.495513
0.527697
-0.527697
0.463037
-0.463037
0.459495
-0.459495
0.467906
-0.467906
0.492038
-0.492038
0.476198
-0.476198
0.452625
-0.452625
0.438205
-0.438205
0.468806
-0.468806
0.471312
-0.471312
0.464297
-0.464297
0.469794
-0.469794
0.447618
-0.447618
0.491323
-0.491323
0.421774
-0.421774
0.480585
-0.480585
0.492002
-0.492002
0.456727
-0.456727
0.477069
-0.477069
0.489958
-0.489958
0.469819
-0.469819
0.484809
-0.484809
0.496016
-0.496016
0.460157
-0.460157
0.501902
-0.501902
0.507069
-0.507069
0.486479
-0.486479
0.479361
-0.479361
0.446789
-0.446789
0.487111
-0.487111
0.444736
-0.444736
0.517585
-0.517585
0.489138
-0.489138
0.479813
-0.479813
0.467442
-0.467442
0.416219
-0.416219
0.442546
-0.442546
0.482410
-0.482410
0.537277
-0.537277
0.498082
-0.498082
0.489727
-0.489727
0.468103
-0.468103
0.488402
-0.488402
0.510357
-0.510357
0.479094
-0.479094
0.532235
-0.532235
0.454095
-0.454095
0.475633
-0.475633
0.488802
-0.488802
0.436282
-0.436282
0.502487
-0.502487
0.490881
-0.490881
0.490313
-0.490313
0.509963
-0.509963
0.516568
-0.516568
0.510556
-0.510556
0.479647
-0.479647
0.490076
-0.490076
0.500172
-0.500172
0.460718
-0.460718
0.467810
-0.467810
0.485079
-0.485079
0.495420
-0.495420
0.540169
-0.540169
0.513682
-0.513682
0.482423
-0.482423
0.475226
-0.475226
0.530293
-0.530293
0.558194
-0.558194
0.489252
-0.489252
0.474477
-0.474477
0.451178
-0.451178
0.514844
-0.514844
0.496699
-0.496699
0.524503
-0.524503
0.471621
-0.471621
0.502420
-0.502420
0.476850
-0.476850
0.523959
-0.523959
0.477130
-0.477130
0.489571
-0.489571
0.481251
-0.481251
0.514990
-0.514990
0.500632
-0.500632
0.462712
-0.462712
0.474164
-0.474164
0.462919
-0.462919
0.501638
-0.501638
0.494218
-0.494218
0.445044
-0.445044
0.436634
-0.436634
0.482301
-0.482301
0.501521
-0.501521
0.484790
-0.484790
0.469099
-0.469099
0.469699
-0.469699
0.532732
-0.532732
0.505674
-0.505674
0.500961
-0.500961
0.543588
-0.543588
0.488902
-0.488902
0.513684
-0.513684
0.527033
-0.527033
0.537981
-0.537981
0.497063
-0.497063
0.528924
-0.528924
0.593796
-0.593796
0.481319
-0.481319
0.534550
-0.534550
0.517743
-0.517743
0.503044
-0.503044
0.505540
-0.505540
0.543468
-0.543468
0.597364
-0.597364
0.515976
-0.515976
0.550128
-0.550128
0.519434
-0.519434
0.585970
-0.585970
0.548663
-0.548663
0.533728
-0.533728
0.556567
-0.556567
0.541667
-0.541667
0.566706
-0.566706
0.528556
-0.528556
0.507428
-0.507428
0.544756
-0.544756
0.575522
-0.575522
0.500233
-0.500233
0.525998
-0.525998
0.555408
-0.555408
0.479376
-0.479376
0.547710
-0.547710
0.548696
-0.548696
0.531505
-0.531505
0.506623
-0.506623
0.525548
-0.525548
0.528137
-0.528137
0.550115
-0.550115
0.544695
-0.544695
0.519644
-0.519644
0.568463
-0.568463
0.526019
-0.526019
0.504736
-0.504736
0.511967
-0.511967
0.542301
-0.542301
0.526209
-0.526209
0.541833
-0.541833
0.519810
-0.519810
0.579768
-0.579768
0.469245
-0.469245
0.502478
-0.502478
0.511870
-0.511870
0.518367
-0.518367
0.553961
-0.553961
0.523963
-0.523963
0.513858
-0.513858
0.518931
-0.518931
0.536845
-0.536845
0.503794
-0.503794
0.538610
-0.538610
0.484359
-0.484359
0.517794
-0.517794
0.496181
-0.496181
0.500918
-0.500918
0.523271
-0.523271
0.490141
-0.490141
0.492509
-0.492509
0.479383
-0.479383
0.462143
-0.462143
0.512910
-0.512910
0.546143
-0.546143
0.506544
-0.506544
0.507647
-0.507647
0.491160
-0.491160
0.557601
-0.557601
0.506768
-0.506768
0.548862
-0.548862
0.525491
-0.525491
0.510524
-0.510524
0.545528
-0.545528
0.542554
-0.542554
0.512761
-0.512761
0.547204
-0.547204
0.557612
-0.557612
0.512350
-0.512350
0.504118
-0.504118
0.522383
-0.522383
0.522900
-0.522900
0.532806
-0.532806
0.504999
-0.504999
0.527831
-0.527831
0.533779
-0.533779
0.511691
-0.511691
0.509634
-0.509634
0.471697
-0.471697
0.471734
-0.471734
0.464445
-0.464445
0.465966
-0.465966
0.494917
-0.494917
0.458337
-0.458337
0.558339
-0.558339
0.522713
-0.522713
0.449009
-0.449009
0.473934
-0.473934
0.501706
-0.501706
0.458430
-0.458430
0.490891
-0.490891
0.531772
-0.531772
0.499394
-0.499394
0.503408
-0.503408
0.476639
-0.476639
0.491067
-0.491067
0.468351
-0.468351
0.510227
-0.510227
0.494502
-0.494502
0.527035
-0.527035
0.539684
-0.539684
0.534333
-0.534333
0.504079
-0.504079
0.486267
-0.486267
0.470948
-0.470948
0.505089
-0.505089
0.526035
-0.526035
0.492956
-0.492956
0.492980
-0.492980
0.510896
-0.510896
0.518395
-0.518395
0.459120
-0.459120
0.496517
-0.496517
0.493382
-0.493382
0.486750
-0.486750
0.516519
-0.516519
0.487953
-0.487953
0.477717
-0.477717
0.504378
-0.504378
0.509393
-0.509393
0.487889
-0.487889
0.510589
-0.510589
0.448272
-0.448272
0.457279
-0.457279
0.406660
-0.406660
0.497031
-0.497031
0.456902
-0.456902
0.473789
-0.473789
0.505285
-0.505285
0.479682
-0.479682
0.468629
-0.468629
0.457802
-0.457802
0.472011
-0.472011
0.489827
-0.489827
0.433057
-0.433057
0.467908
-0.467908
0.496749
-0.496749
0.441007
-0.441007
0.494060
-0.494060
0.491540
-0.491540
0.449755
-0.449755
0.437504
-0.437504
0.491899
-0.491899
0.499535
-0.499535
0.495952
-0.495952
0.502196
-0.502196
0.448934
-0.448934
0.496817
-0.496817
0.464399
-0.464399
0.467564
-0.467564
0.439308
-0.439308
0.507636
-0.507636
0.479849
-0.479849
0.499512
-0.499512
0.511380
-0.511380
0.445576
-0.445576
0.493429
-0.493429
0.473864
-0.473864
0.498875
-0.498875
0.501398
-0.501398
0.494162
-0.494162
0.454849
-0.454849
0.473618
-0.473618
0.483925
-0.483925
0.559882
-0.559882
0.512696
-0.512696
0.542979
-0.542979
0.493922
-0.493922
0.490271
-0.490271
0.503059
-0.503059
0.472892
-0.472892
0.518665
-0.518665
0.479827
-0.479827
0.449643
-0.449643
0.506978
-0.506978
0.445736
-0.445736
0.440748
-0.440748
0.498767
-0.498767
0.469139
-0.469139
0.468200
-0.468200
0.486722
-0.486722
0.479952
-0.479952
0.487202
-0.487202
0.501479
-0.501479
0.465873
-0.465873
0.461091
-0.461091
0.439860
-0.439860
0.483283
-0.483283
0.508749
-0.508749
0.472590
-0.472590
0.505552
-0.505552
0.502799
-0.502799
0.510562
-0.510562
0.510913
-0.510913
0.472197
-0.472197
0.467294
-0.467294
0.491644
-0.491644
0.472372
-0.472372
0.532777
-0.532777
0.531147
-0.531147
0.498515
-0.498515
0.481350
-0.481350
0.506149
-0.506149
0.475720
-0.475720
0.486175
-0.486175
0.475488
-0.475488
0.490396
-0.490396
0.516957
-0.516957
0.506551
-0.506551
0.517219
-0.517219
0.462551
-0.462551
0.490295
-0.490295
0.461474
-0.461474
0.499249
-0.499249
0.493153
-0.493153
0.521577
-0.521577
0.516346
-0.516346
0.501701
-0.501701
size:240*4, width:45nm, length:45nm, sys/ran:0.600000
mean:0.500000V, σsys:0.015435V, σran:0.025725V, th:0.500000

